300075
412665
300088
300089
400040
412508
400134
300071
300043
300011
412330
412406
412490
412194
300019
412390
300078
412491
400194
412666
412200
412507
300048
412667
412322
300030
300038
400222
402675
412205
300083
400284
300072
412492
412269
400418
400253
412542
400064
300073
300025
412545
300093
412305
412242
412378
412243
400034
400432
300023
412244
412549
400054
412668
412494
412554
412556
412671
412323
412493
400272
412598
400413
412281
300082
412218
412223
300087
400050
400325
300055
412464
412325
300100
412246
400408
412247
300081
300047
412471
400546
412669
412248
300002
300027
412573
300052
412495
412321
412582
400357
300065
300018
300076
400013
412496
412391
400061
412251
300041
